976
491
232
492
198
749
377
655
220
366
197
722
303
120
387
153
879
253
186
127
148
284
919
807
363
920
977
844
185
494
677
848
922
672
762
277
294
501
753
676
942
391
499
942
943
113
206
794
620
923
759
123
498
160
617
833
615
923
796
622
219
243
624
451
261
833
253
723
172
215
692
637
988
991
589
671
648
668
260
578
638
177
102
150
878
467
338
475
410
333
897
569
607
226
887
663
980
413
348
857
612
605
698
340
662
671
978
937
350
276
300
601
698
729
576
492
253
196
267
573
699
166
731
104
554
987
225
362
837
943
970
648
609
958
324
913
748
505
927
797
901
752
429
830
453
513
231
438
327
495
856
331
838
126
908
514
614
831
199
495
240
901
732
797
507
627
634
239
727
712
619
746
326
341
161
450
548
229
969
512
480
381
846
412
801
878
435
513
150
746
103
303
538
677
884
365
262
339
109
771
230
891
176
171
470
587
123
313
352
869
493
367
721
949
962
843
583
835
672
880
443
445
843
118
828
108
343
249
755
644
376
369
386
991
594
273
646
356
854
246
264
403
873
502
480
803
676
621
823
163
252
907
264
580
388
530
282
723
883
151
734
551
278
717
471
707
228
104
145
865
371
812
699
114
241
373
709
731
220
353
112
474
243
831
534
906
628
875
502
377
404
409
974
544
244
609
409
584
634
244
857
313
545
713
827
189
295
516
715
281
352
724
504
839
904
567
262
415
446
527
333
429
886
287
426
743
248
108
309
368
880
452
757
889
200
363
248
888
966
172
232
622
617
605
888
336
653
964
573
488
491
344
299
179
273
869
467
799
620
720
981
240
225
809
859
230
387
800
433
948
994
359
176
944
769
293
276
785
700
766
607
889
223
344
650
267
178
691
689
483
517
406
112
446
808
821
435
271
605
200
596
972
356
487
265
825
451
405
643
485
352
787
444
686
352
426
943
470
518
669
167
729
514
301
767
828
716
122
467
599
179
843
970
695
590
380
837
313
135
120
192
929
529
237
458
707
226
360
174
254
178
950
701
669
803
844
661
475
640
894
614
799
808
101
795
536
194
558
982
142
158
815
940
523
924
416
988
493
205
412
428
146
818
424
599
735
967
562
420
284
212
115
329
655
776
365
263
594
766
437
909
801
204
753
232
204
417
593
451
502
138
380
165
479
613
670
237
177
231
370
437
440
504
919
913
299
862
229
273
401
615
608
466
161
186
284
208
641
898
734
635
218
943
537
442
202
978
858
798
433
565
994
558
184
589
521
548
296
829
340
383
326
490
442
608
723
413
509
457
287
760
722
373
255
719
232
233
462
217
635
889
328
829
739
480
785
909
506
605
448
107
989
881
195
115
379
690
650
365
640
804
119
432
188
406
894
275
312
312
510
807
224
620
574
957
539
919
206
308
202
223
729
257
822
747
213
648
413
147
861
656
547
756
126
249
580
534
957
800
347
188
373
418
548
785
509
620
422
775
699
227
425
412
938
695
963
508
165
542
618
599
540
337
670
555
770
409
554
600
114
999
213
148
451
901
912
620
725
894
886
434
401
868
179
382
454
605
947
380
516
104
208
729
863
729
347
810
653
245
683
526
565
339
534
159
879
564
306
261
832
516
594
498
522
606
863
958
137
828
174
576
368
153
627
526
191
977
675
392
967
140
309
422
184
130
585
361
393
756
484
718
328
842
570
674
910
132
381
371
151
130
286
252
182
995
109
330
755
342
857
201
178
614
196
124
837
191
496
525
721
533
935
978
448
891
152
391
527
871
810
927
918
958
858
498
657
328
662
170
936
648
846
132
320
354
698
865
706
463
360
380
293
748
396
911
828
371
497
533
736
285
424
589
338
100
234
335
251
290
872
743
344
313
385
897
341
928
530
163
941
467
554
495
545
649
795
537
669
339
144
641
825
600
553
940
316
669
502
454
468
666
795
495
370
415
260
234
827
971
198
816
485
296
725
312
461
534
321
493
136
779
389
727
205
807
645
168
698
560
727
546
887
497
165
593
405
387
394
732
196
952
685
476
777
383
765
513
557
252
581
107
379
406
764
923
276
274
656
460
396
930
730
987
192
742
181
269
941
946
610
225
965
112
557
583
401
579
925
801
567
369
631
181
222
588
116
606
561
246
171
307
784
755
116
653
274
539
680
267
481
863
912
967
703
394
901
588
960
670
506
879
819
316
551
540
150
265
308
463
293
900
153
482
918
846
352
690
950
666
532
340
140
643
458
457
522
113
386
315
532
217
687
413
152
385
236
381
124
549
982
812
840
907
551
271
839
816
740
440
317
205
279
743
568
881
973
993
322
980
143
295
681
177
429
926
257
104
581
517
218
286
148
592
992
442
941
274
571
422
500
896
456
119
319
297
550
362
824
655
451
804
458
933
225
990
873
619
146
214
888
830
558
968
231
469
198
602
878
295
210
533
212
551
754
307
592
892
564
517
705
719
457
539
417
215
162
783
550
626
193
102
822
881
611
491
301
341
582
859
761
382
136
607
927
878
585
857
660
258
678
711
847
714
952
860
965
881
900
193
283
598
390
933
228
527
628
896
811
767
170
770
356
764
243
193
122
124
513
906
253
174
456
811
212
372
426
953
704
246
458
593
310
865
126
916
691
406
625
650
193
612
385
863
377
650
161
679
712
330
155
858
169
798
461
549
895
146
762
745
214
240
656
319
463
472
595
942
627
677
998
656
434
165
194
258
261
294
201
709
135
113
296
246
198
234
786
829
314
773
525
120
495
577
966
658
499
540
772
357
515
662
952
530
477
563
670
814
266
847
568
448
934
107
798
240
942
645
659
257
493
739
108
924
359
290
853
102
574
259
633
794
606
114
515
282
528
291
933
807
265
722
725
694
834
490
814
271
606
729
330
399
794
970
675
973
559
537
633
277
686
453
944
196
957
898
496
286
163
892
881
136
680
316
418
368
738
240
899
251
459
161
679
796
936
428
326
704
117
756
352
779
393
521
774
186
614
903
731
610
865
395
130
653
862
373
982
194
191
724
888
309
237
861
953
881
442
501
982
609
507
564
809
926
555
883
872
149
793
702
146
856
520
510
139
222
872
504
551
757
777
500
189
495
696
953
181
616
853
168
904
858
168
981
403
565
350
394
937
427
893
577
198
538
994
528
878
781
972
631
769
732
387
181
698
171
452
819
842
382
156
461
146
714
116
591
700
900
202
572
129
535
532
284
615
701
793
297
328
768
400
413
821
878
125
177
520
871
170
379
455
607
396
749
673
204
872
636
679
772
360
827
726
218
712
320
685
350
516
140
174
988
280
785
334
448
259
873
736
326
560
202
634
491
179
417
402
912
124
323
284
263
784
403
366
824
611
630
668
798
152
630
278
257
252
785
176
508
241
425
444
330
187
932
597
134
992
679
478
340
302
835
286
437
576
584
193
311
636
300
408
781
443
527
539
913
277
451
528
303
486
101
191
727
757
983
499
497
349
702
324
885
196
110
231
871
118
617
783
181
601
498
925
701
745
369
193
989
286
909
942
163
247
410
236
737
536
899
772
690
296
760
290
360
425
448
879
345
712
185
784
543
364
624
115
115
534
394
601
522
987
162
687
764
255
433
197
384
523
161
590
996
856
400
486
764
858
389
282
705
941
873
272
150
630
138
477
188
723
983
116
583
236
659
706
532
847
151
481
728
655
569
542
972
651
745
158
807
885
352
716
987
833
866
202
516
881
283
677
279
400
434
158
598
813
432
321
692
729
590
500
892
378
849
387
904
569
866
217
845
948
454
509
966
668
724
722
203
388
512
650
646
140
736
239
570
567
589
652
978
288
916
817
735
596
391
189
540
355
381
342
862
927
219
613
334
751
171
263
251
705
650
204
404
513
661
298
394
209
945
222
242
258
987
785
783
742
117
908
609
100
739
190
111
356
691
969
124
622
300
949
468
545
438
717
347
814
693
731
646
932
826
289
264
575
105
934
313
904
236
423
509
386
980
285
874
830
791
608
234
173
522
431
327
856
487
363
591
693
260
292
478
913
407
786
441
535
470
741
892
611
510
711
551
286
758
204
481
134
242
947
354
891
878
268
161
572
335
382
704
414
417
680
150
470
891
220
962
303
740
117
773
725
159
266
220
518
910
144
451
706
508
781
762
299
689
534
604
207
674
163
344
771
564
635
779
272
359
271
502
423
140
661
968
686
487
961
152
467
362
819
924
137
495
827
427
654
960
902
325
157
434
322
125
927
572
953
392
121
417
722
190
651
611
831
453
566
121
790
938
268
806
156
500
318
508
319
760
687
700
689
809
284
837
882
950
490
990
780
736
891
296
122
691
529
212
301
445
162
345
852
774
421
476
110
954
117
384
578
639
969
510
639
944
982
824
399
183
146
494
400
202
446
277
402
116
803
576
782
616
567
124
668
641
111
528
929
360
173
262
953
735
904
379
142
749
533
499
825
113
736
629
674
788
653
497
456
504
691
273
433
612
678
645
187
794
727
919
625
737
411
928
500
869
641
236
835
814
183
661
820
212
769
680
123
560
249
929
108
393
511
397
658
270
943
166
643
682
429
695
858
355
145
711
245
283
669
396
181
257
922
481
554
920
630
653
625
619
198
153
790
311
467
708
536
440
519
322
388
735
347
565
843
612
871
347
599
962
880
860
476
908
468
935
218
911
575
684
347
471
890
121
440
245
865
474
375
587
938
676
450
691
881
322
383
844
608
382
495
146
511
913
814
569
979
405
753
101
868
670
327
346
843
682
856
765
377
520
159
491
921
396
173
274
702
306
592
959
932
745
520
674
435
357
314
860
602
475
225
402
497
231
834
513
601
292
846
791
914
198
888
703
115
800
806
962
138
788
678
848
741
600
446
766
164
804
713
281
322
838
613
790
521
945
486
483
616
541
793
848
353
973
828
416
985
902
406
203
702
173
263
349
500
627
958
398
477
448
167
301
501
983
653
558
453
152
329
709
736
934
788
301
721
304
788
663
168
547
519
221
977
676
365
867
729
457
757
975
884
251
507
254
376
337
614
399
969
902
127
687
615
457
107
487
763
901
372
720
868
795
494
622
613
173
644
592
934
238
299
481
274
483
478
132
381
315
917
501
613
221
914
256
260
519
655
419
383
927
865
192
991
368
234
250
261
193
638
851
544
232
993
388
748
805
183
513
500
268
520
493
921
855
987
930
500
755
187
522
438
171
448
218
552
770
823
848
412
329
448
280
317
724
859
851
680
103
931
261
529
900
715
888
837
383
364
945
701
236
252
211
544
998
372
360
142
982
156
413
288
421
743
486
915
545
609
253
364
171
623
262
792
310
278
509
567
126
567
971
831
535
327
415
709
608
655
468
459
330
355
749
596
156
776
598
884
964
414
769
993
319
320
169
773
172
401
840
663
656
881
359
297
194
704
485
566
978
676
464
843
292
501
108
873
127
993
938
948
268
837
526
334
802
577
166
210
600
870
176
811
231
799
204
378
876
896
846
838
505
180
326
424
387
796
279
946
522
712
410
363
845
767
647
963
484
529
473
742
286
282
726
455
157
194
767
396
704
912
444
512
880
927
148
427
323
440
495
491
342
550
381
744
530
120
547
547
579
395
172
615
918
184
923
158
542
971
922
118
803
698
799
391
822
914
313
462
986
446
492
360
261
668
645
754
377
445
327
489
874
929
474
991
877
928
213
449
413
362
784
509
676
448
488
248
854
309
790
884
829
204
884
601
923
421
656
822
319
569
939
389
761
571
464
179
552
778
775
391
217
305
920
806
738
914
844
592
412
779
699
642
715
437
669
349
736
435
282
227
230
268
481
530
381
144
207
189
746
852
583
307
449
283
689
564
737
732
799
790
201
988
796
825
776
442
822
339
349
548
408
517
340
759
538
690
432
123
244
460
396
333
746
521
165
507
824
339
221
266
539
124
355
442
988
227
374
735
538
753
665
902
127
628
467
335
639
870
971
492
283
836
152
952
469
724
458
341
920
961
109
390
378
511
128
353
267
514
549
616
310
909
584
941
484
981
907
610
623
836
636
567
290
898
481
680
557
887
629
197
726
397
425
908
806
490
619
844
793
677
406
298
349
863
970
306
313
828
772
713
839
231
842
405
748
681
597
133
928
212
106
346
939
231
492
553
348
667
738
593
859
414
456
685
470
509
879
417
436
155
901
508
399
569
238
672
700
566
909
315
482
848
805
954
400
466
204
477
815
466
304
124
481
619
182
549
836
389
667
259
989
229
233
474
929
401
946
175
188
221
732
810
571
286
912
320
207
120
967
730
950
164
646
227
671
800
250
910
395
918
165
513
704
505
299
248
411
388
445
510
830
864
304
674
704
567
579
811
260
826
169
550
767
802
634
414
293
796
592
701
412
572
192
606
240
380
823
142
739
591
518
915
370
746
726
996
837
327
680
452
428
445
159
161
286
145
599
569
303
193
860
204
257
364
351
743
702
315
514
965
416
330
643
563
511
617
309
202
849
589
137
871
567
613
561
235
200
169
925
174
562
327
974
531
811
917
484
282
637
774
162
323
366
449
995
155
850
209
884
673
926
293
607
718
771
696
478
784
692
383
567
170
951
787
658
577
481
954
146
290
582
299
197
800
664
346
964
535
866
421
891
636
892
225
686
816
423
139
774
550
607
767
643
712
440
535
237
282
395
400
769
715
659
251
906
353
119
731
174
943
166
981
556
985
772
456
958
510
790
958
601
506
348
353
675
372
221
849
638
573
268
371
494
741
283
918
258
511
545
294
971
634
706
637
435
768
929
483
533
628
868
278
610
848
982
798
959
110
949
512
743
931
435
855
799
602
506
155
595
139
601
997
666
910
389
156
434
802
238
496
694
887
287
297
907
975
920
294
247
744
634
296
439
244
660
549
447
201
728
290
981
137
945
990
966
120
897
369
545
855
593
925
135
401
944
497
152
409
293
271
527
645
970
132
509
357
775
442
941
187
958
372
779
349
302
960
558
790
175
284
181
280
685
144
867
567
134
522
756
183
113
998
905
188
282
425
856
381
525
258
699
271
569
932
989
437
398
540
422
328
790
624
920
664
775
198
577
445
823
148
213
254
188
900
793
174
402
299
575
439
395
256
771
525
407
895
550
526
347
727
654
372
831
290
375
106
329
109
606
396
650
601
752
104
378
131
664
394
383
625
972
961
534
411
797
970
461
255
487
895
406
347
746
575
874
236
705
141
984
820
478
444
102
809
458
721
917
774
890
688
907
618
350
662
725
713
242
607
867
564
756
607
215
675
913
931
195
377
424
747
463
999
587
592
634
236
376
873
174
323
125
251
842
947
784
152
777
296
873
178
422
298
282
482
485
452
795
749
511
981
848
948
684
233
303
102
901
159
249
108
480
452
320
447
440
576
112
402
471
176
547
490
296
958
299
519
926
209
224
599
797
729
986
469
461
559
931
808
162
894
108
149
684
729
673
127
657
643
437
682
522
304
902
683
102
774
506
799
196
738
299
102
894
934
469
859
284
916
963
375
345
776
877
630
253
477
455
839
986
398
967
937
190
882
761
182
487
424
199
328
587
873
863
572
668
795
948
601
573
427
794
638
450
427
386
255
772
550
146
101
101
298
188
958
143
569
907
516
714
325
348
686
936
718
862
385
505
883
951
666
950
915
951
965
461
657
222
538
426
572
655
300
927
539
717
558
137
813
278
536
956
622
143
916
863
810
545
689
916
812
750
135
627
638
538
519
784
680
692
220
899
198
439
113
711
666
901
183
714
536
872
923
250
345
681
722
686
924
341
344
724
726
850
399
685
332
950
506
680
961
621
678
966
648
409
850
794
908
164
792
923
699
266
471
208
485
996
947
932
639
309
658
536
388
733
725
890
328
322
371
597
817
220
759
856
198
551
576
993
685
104
662
844
929
799
309
377
132
559
465
394
727
581
527
117
948
622
742
527
269
747
298
571
282
760
739
199
395
683
933
943
564
195
680
426
318
717
242
999
461
632
148
777
610
461
257
658
343
726
898
226
726
268
123
423
157
970
834
860
282
985
507
937
389
359
304
489
986
865
522
481
981
790
797
112
611
807
243
187
470
137
705
761
315
596
967
144
565
343
201
109
133
869
775
186
813
114
775
460
197
516
574
783
204
540
482
880
984
534
789
705
459
462
423
675
292
108
792
914
828
103
235
400
414
694
156
410
324
574
384
854
390
981
429
342
228
813
555
972
595
331
108
835
240
171
595
986
599
305
674
134
979
201
942
242
194
339
199
310
316
952
504
702
847
241
789
613
317
517
200
107
974
676
153
437
269
882
662
968
615
767
521
362
971
595
879
407
465
509
296
610
820
512
123
224
109
960
879
337
340
634
655
182
705
534
947
655
203
924
894
822
560
397
389
310
769
234
377
885
610
520
690
463
169
420
281
841
640
955
487
514
824
524
462
504
570
760
238
703
384
530
744
137
253
938
272
879
999
694
781
629
715
227
845
274
215
415
282
691
729
852
121
701
478
746
632
224
656
997
888
221
788
263
820
382
387
189
325
386
590
492
654
595
719
352
712
361
238
645
887
607
218
222
525
577
421
953
671
451
596
429
268
181
366
715
952
380
656
132
275
142
942
201
810
526
413
766
564
650
970
545
901
375
191
604
271
413
618
232
193
156
128
990
299
777
646
233
350
465
216
196
307
721
947
165
159
621
271
352
423
805
163
329
883
188
840
744
855
870
604
877
243
811
457
335
610
393
799
852
260
783
552
989
186
207
590
189
760
113
987
177
915
915
562
885
887
735
404
967
171
935
961
773
151
213
244
384
861
574
504
338
760
588
461
388
358
864
689
825
574
843
772
905
461
960
258
283
837
931
356
391
364
786
166
152
990
369
315
250
784
938
572
672
397
562
897
986
960
259
409
209
707
302
471
198
546
466
445
427
318
952
658
731
737
844
840
257
502
900
762
972
900
569
560
116
983
517
192
684
214
825
114
745
550
113
588
840
476
904
555
461
987
106
494
892
622
398
564
400
359
523
414
957
286
594
178
633
141
211
609
878
839
216
739
889
804
220
958
125
465
969
373
239
106
481
588
967
605
953
923
955
639
310
766
817
220
673
114
985
309
167
971
935
473
936
601
828
557
690
311
554
566
714
928
838
443
479
481
798
264
946
789
633
841
230
133
449
805
213
609
947
613
823
341
576
457
557
626
419
683
411
772
126
671
342
470
144
721
612
856
775
257
919
932
177
574
235
301
404
625
592
570
765
506
304
360
423
818
903
704
276
787
689
610
580
457
540
285
499
847
117
827
161
524
234
863
386
375
718
224
384
297
257
597
316
782
210
232
766
344
474
364
189
133
554
264
619
161
425
537
786
363
726
883
947
284
615
626
458
974
498
205
161
518
626
436
958
425
979
838
622
867
127
459
987
863
683
816
602
738
658
703
106
613
377
980
823
410
899
179
170
520
204
718
691
240
258
917
421
952
619
445
757
293
494
503
368
891
595
404
127
438
500
296
351
726
156
257
401
823
205
311
569
305
470
615
992
523
440
388
871
980
794
262
101
791
176
351
437
502
154
525
461
814
274
655
261
913
466
321
611
812
146
269
899
315
803
132
291
797
434
555
896
524
323
328
279
763
104
896
830
996
401
713
509
856
556
661
272
104
742
816
940
553
945
850
180
862
365
817
503
769
429
479
100
832
464
678
293
506
719
658
514
583
358
813
670
526
791
483
841
117
657
576
979
577
955
896
280
194
540
822
407
715
759
389
746
891
101
692
289
647
223
238
496
307
395
677
909
110
808
993
245
924
247
537
192
126
596
755
386
533
599
138
562
938
831
918
591
919
421
692
474
480
847
351
482
915
810
771
757
327
222
764
476
233
124
550
519
106
827
536
199
113
311
625
687
680
601
159
476
441
537
266
264
995
897
417
296
295
622
637
427
483
566
224
492
103
847
179
914
652
133
307
861
202
945
976
789
514
473
836
987
267
138
225
427
121
341
914
677
582
186
977
860
553
409
796
807
921
888
663
870
710
568
643
661
220
904
136
729
599
153
346
550
590
543
753
351
831
237
439
619
193
585
492
835
428
140
697
533
583
494
555
692
727
262
174
570
135
144
150
521
303
449
968
509
168
861
884
766
834
978
946
825
716
743
527
166
368
431
752
734
619
648
698
314
696
254
891
215
651
966
286
891
243
914
893
613
422
315
982
626
245
529
633
737
982
862
475
915
182
747
200
218
327
216
730
276
973
446
237
999
663
208
186
299
183
777
869
308
245
765
185
764
718
508
443
495
167
707
102
140
756
393
662
793
585
462
695
137
543
406
898
339
681
854
903
329
991
440
150
831
729
620
743
461
583
382
473
243
910
745
309
201
738
380
653
893
693
152
813
811
257
678
322
660
424
811
537
984
672
373
955
248
816
713
667
612
404
977
539
205
314
404
609
492
719
991
260
182
561
415
922
918
665
866
507
262
114
951
823
546
394
692
897
276
963
756
416
469
515
345
241
377
274
295
991
894
399
875
583
297
666
645
553
702
552
565
406
351
368
689
120
414
828
736
824
496
124
356
730
471
387
944
641
859
425
144
220
651
738
193
136
544
260
593
698
598
859
267
205
302
556
704
992
223
519
654
557
652
642
824
992
471
224
621
128
136
156
663
776
685
382
490
291
148
794
485
848
991
822
295
834
868
643
763
319
767
614
359
544
133
989
733
141
182
553
342
979
435
575
697
614
107
155
756
354
840
501
817
302
642
977
296
869
756
745
152
359
331
359
497
266
534
640
781
432
908
238
357
744
176
639
480
417
690
764
613
363
368
624
846
993
927
866
488
679
705
362
111
586
443
923
290
875
832
939
379
746
705
236
646
125
579
986
670
631
172
352
415
914
101
458
657
232
315
769
371
639
489
966
857
801
109
210
706
442
962
827
185
921
279
345
622
948
786
580
818
928
145
339
144
666
783
662
415
585
161
944
640
937
186
370
395
316
704
278
374
946
354
480
676
745
608
916
811
733
574
575
708
854
834
597
127
788
133
401
367
693
384
804
731
360
623
752
994
769
884
125
166
807
778
729
281
967
192
397
892
997
132
203
694
587
482
622
868
326
818
997
177
905
504
134
345
171
344
394
278
906
987
552
620
263
207
515
169
496
187
486
163
999
261
111
305
713
902
176
348
909
600
220
656
626
337
300
213
753
297
794
841
439
282
179
745
808
227
575
399
739
484
604
431
390
464
318
405
993
219
113
402
703
130
782
108
231
624
384
801
452
620
634
683
942
335
105
499
880
229
490
720
615
327
877
760
367
743
793
365
941
214
224
220
737
826
515
675
335
257
123
707
217
675
874
979
807
762
506
542
347
712
430
835
538
